#201602057 Junkyu_Limm

format long
A = [90000 300 1;160000 400 1;250000 500 1];
b = [0.616 0.525 0.457]';
p = A\b