# 201602057 Junkyu-lim

N = [6 15 55; 15 55 225; 55 225 979];
r = [152.6 585.6 2488.8];

a = N/r